172.542 84.1963
172.508 90.0477
172.751 95.8881
173.416 101.683
174.482 107.414
175.841 113.078
177.435 118.689
179.321 124.201
181.675 129.504
184.657 134.461
188.277 138.986
192.42 143.031
196.921 146.664
201.872 149.675
207.395 151.573
213.211 152.299
219.058 151.997
224.79 150.901
230.325 149.054
235.616 146.542
240.709 143.559
245.487 140.116
249.733 136.104
253.295 131.502
256.069 126.381
258.051 120.916
259.449 115.27
260.433 109.531
261.182 103.754
261.807 97.9549
262.256 92.118
262.434 86.263
262.422 80.4288
175.983 72.1034
180.063 66.432
185.976 64.1037
192.447 63.8652
198.745 65.2387
219.787 63.4384
227.021 60.9115
235.039 60.1621
242.984 61.9407
249.478 67.5623
209.222 78.6057
209.215 85.0809
209.164 91.5738
209.134 98.1415
201.173 108.739
206.281 108.604
211.437 108.527
216.471 107.952
221.533 107.609
181.716 82.6599
185.328 79.0853
194.951 79.0018
198.288 82.7227
194.176 84.3063
185.547 84.5359
223.544 81.104
227.099 76.8671
237.813 75.9639
242.459 78.9668
238.185 81.4181
228.353 82.2429
180.453 70.1341
186.184 68.4763
192.414 68.3571
198.562 69.0463
220.313 67.4087
227.434 65.716
235.185 64.8808
242.856 65.8902
190.148 77.8028
189.847 85.0109
189.982 81.8621
232.324 75.1233
233.339 82.5056
232.89 79.2618
203.748 80.6585
216.352 79.8514
201.228 98.1495
220.299 97.1143
198.153 104.918
224.312 103.589
196.764 126.311
201.343 121.604
206.555 118.178
212.69 118.377
218.662 118.109
224.038 121.297
229.431 124.381
224.487 127.786
218.898 130.017
213.126 131.099
207.258 131.145
201.608 129.514
199.159 125.97
205.942 123.755
213.021 123.309
220.046 123.068
226.892 124.326
219.797 124.097
212.917 124.485
206.043 124.952
189.982 81.8621
232.89 79.2618
